8 0.61796875 0.428125 0.3828125 0.29453125
8 0.76875 0.67265625 0.4625 0.6515625
8 0.34453125 0.7796875 0.60859375 0.43984375
8 0.228125 0.57421875 0.35 0.3640625
8 0.07109375 0.85859375 0.14140625 0.2828125
8 0.03828125 0.6828125 0.07578125 0.1859375
8 0.109375 0.478125 0.1515625 0.2265625
8 0.05703125 0.43515625 0.11015625 0.346875
8 0.0921875 0.09296875 0.08203125 0.1859375
8 0.14921875 0.2828125 0.19140625 0.2265625
8 0.23671875 0.1890625 0.24296875 0.37734375
8 0.44921875 0.3390625 0.1953125 0.1390625
8 0.396875 0.48046875 0.1 0.20625
8 0.559375 0.18203125 0.3484375 0.3640625
8 0.81953125 0.18125 0.2484375 0.3625
8 0.78046875 0.678125 0.4390625 0.64375
8 0.96796875 0.278125 0.06328125 0.55625