8 0.3765625 0.68671875 0.4265625 0.5640625
8 0.07890625 0.83359375 0.1578125 0.3328125
8 0.334375 0.92109375 0.1984375 0.1578125
8 0.6109375 0.95703125 0.19375 0.0859375
8 0.65546875 0.91328125 0.1546875 0.13125
8 0.70546875 0.7796875 0.1984375 0.2
8 0.8359375 0.8796875 0.225 0.23984375
8 0.82578125 0.57578125 0.21484375 0.3359375
8 0.98046875 0.88671875 0.03828125 0.2234375
8 0.96015625 0.58125 0.0796875 0.1546875
8 0.94921875 0.4109375 0.1015625 0.17109375
8 0.88828125 0.3546875 0.153125 0.1890625
8 0.94609375 0.225 0.1078125 0.190625
8 0.8765625 0.2390625 0.16328125 0.0890625
8 0.94375 0.059375 0.1125 0.11875
8 0.75 0.10703125 0.19296875 0.17890625
8 0.725 0.328125 0.1765625 0.30625
8 0.59453125 0.35703125 0.18515625 0.17890625
8 0.59765625 0.459375 0.14140625 0.15390625
8 0.6609375 0.56171875 0.11484375 0.20859375
8 0.40390625 0.35703125 0.125 0.1234375
8 0.11953125 0.45078125 0.21171875 0.43125
8 0.0609375 0.215625 0.121875 0.19609375
8 0.0640625 0.0984375 0.128125 0.09609375
8 0.20625 0.0828125 0.2109375 0.16484375
8 0.1296875 0.1703125 0.103125 0.125
8 0.34140625 0.2484375 0.15078125 0.13125
8 0.21171875 0.234375 0.13203125 0.14296875
8 0.3703125 0.1671875 0.1265625 0.1140625
8 0.3796875 0.06328125 0.14921875 0.1265625
8 0.49921875 0.228125 0.11484375 0.2109375
8 0.57578125 0.16953125 0.18828125 0.23359375
8 0.48359375 0.07578125 0.103125 0.1265625
8 0.603125 0.0390625 0.11875 0.078125