8 0.59609375 0.88046875 0.625 0.2390625
8 0.5953125 0.49921875 0.56015625 0.67734375
8 0.20703125 0.69375 0.203125 0.3125
8 0.05546875 0.81640625 0.1109375 0.3578125
8 0.14140625 0.40078125 0.2828125 0.4953125
8 0.109375 0.1375 0.21796875 0.275
8 0.3609375 0.3890625 0.2046875 0.28515625
8 0.29296875 0.13984375 0.1546875 0.2796875
8 0.54296875 0.15390625 0.346875 0.3078125
8 0.85546875 0.28671875 0.28828125 0.56796875
8 0.91328125 0.61484375 0.1734375 0.33046875
8 0.89453125 0.86640625 0.2109375 0.2671875