8 0.54453125 0.703125 0.359375 0.24140625
8 0.646875 0.47890625 0.296875 0.31328125
8 0.71640625 0.64296875 0.103125 0.11796875
8 0.79140625 0.6875 0.14296875 0.115625
8 0.92421875 0.5640625 0.03515625 0.09296875
8 0.978125 0.58203125 0.04296875 0.0828125
8 0.3078125 0.64296875 0.128125 0.19453125
8 0.28515625 0.8421875 0.1296875 0.1
8 0.2078125 0.7296875 0.09921875 0.18359375
8 0.11953125 0.7734375 0.071875 0.0796875
8 0.1046875 0.71953125 0.15 0.0890625
10 0.1390625 0.2609375 0.27578125 0.51640625
10 0.6859375 0.2328125 0.2546875 0.465625
10 0.89921875 0.34609375 0.2015625 0.6921875