10 0.86328125 0.44453125 0.1203125 0.8890625
10 0.73515625 0.459375 0.13671875 0.91875
10 0.3765625 0.35703125 0.096875 0.7140625
10 0.1921875 0.36171875 0.13828125 0.7234375
10 0.28828125 0.3453125 0.0734375 0.690625
8 0.59140625 0.54375 0.3109375 0.46015625
8 0.3046875 0.53125 0.44296875 0.4046875
8 0.07890625 0.66484375 0.0875 0.09375
8 0.3359375 0.7515625 0.20703125 0.13828125
8 0.39765625 0.8265625 0.09765625 0.08515625
8 0.49453125 0.78359375 0.07578125 0.06796875
8 0.95 0.95703125 0.1 0.0828125